     title;             KiB;             MiB;             GiB;          n;          r;             min;             max;            mean;                 stddev (%);      MiB/s
       IJK;         234.375;           0.229;           0.000;        100;        210;      731201.319;      888645.452;      752137.560;       35680.974 ( 4.744 %);    101.436
       IKJ;         234.375;           0.229;           0.000;        100;        210;      276408.381;      291972.895;      278566.322;        3733.087 ( 1.340 %);    273.881
       IEX;         234.375;           0.229;           0.000;        100;        210;      276908.119;      291072.410;      278858.561;        3344.653 ( 1.199 %);    273.594
   UNROLL4;         234.375;           0.229;           0.000;        100;        210;      482039.495;      500435.000;      485484.532;        4954.902 ( 1.021 %);    157.150
   UNROLL8;         234.375;           0.229;           0.000;        100;        210;      471826.057;      490520.105;      474633.229;        4393.074 ( 0.926 %);    160.743
     CBLAS;         234.375;           0.229;           0.000;        100;        210;      245995.510;      260171.986;      247729.864;        3318.596 ( 1.340 %);    307.972
     title;             KiB;             MiB;             GiB;          n;          r;             min;             max;            mean;                 stddev (%);      MiB/s
       IJK;         234.375;           0.229;           0.000;        100;        210;      731339.538;      782803.152;      738625.139;       10531.355 ( 1.426 %);    103.292
       IKJ;         234.375;           0.229;           0.000;        100;        210;      279294.424;      296306.500;      281547.188;        3778.898 ( 1.342 %);    270.981
       IEX;         234.375;           0.229;           0.000;        100;        210;      276772.271;      292507.352;      278574.817;        3495.706 ( 1.255 %);    273.872
   UNROLL4;         234.375;           0.229;           0.000;        100;        210;      481807.281;      496773.181;      485037.593;        4430.780 ( 0.913 %);    157.295
   UNROLL8;         234.375;           0.229;           0.000;        100;        210;      471930.357;      487584.524;      474356.087;        4054.842 ( 0.855 %);    160.837
     CBLAS;         234.375;           0.229;           0.000;        100;        210;      246237.876;      259929.552;      248025.607;        3260.404 ( 1.315 %);    307.605
