     title;             KiB;             MiB;             GiB;          n;          r;             min;             max;            mean;                 stddev (%);      MiB/s
       IJK;           0.094;           0.000;           0.000;          2;          2;          50.000;         498.000;          76.788;          76.758 (99.961 %);    397.427
       IKJ;           0.094;           0.000;           0.000;          2;          2;          56.000;         313.500;          71.955;          44.958 (62.481 %);    424.123
       IEX;           0.094;           0.000;           0.000;          2;          2;          52.000;         578.500;          78.576;          90.429 (115.086 %);    388.384
    UNROLL;           0.094;           0.000;           0.000;          2;          2;          63.000;         306.500;          76.364;          41.928 (54.905 %);    399.635
     CBLAS;           0.094;           0.000;           0.000;          2;          2;         261.500;       38863.500;        1476.485;        6711.789 (454.579 %);     20.669     
     title;             KiB;             MiB;             GiB;          n;          r;             min;             max;            mean;                 stddev (%);      MiB/s
       IJK;           0.586;           0.001;           0.000;          5;         20;         185.850;         222.350;         187.424;           6.321 ( 3.373 %);   1017.664
       IKJ;           0.586;           0.001;           0.000;          5;         20;         190.200;         213.350;         191.571;           3.974 ( 2.075 %);    995.634
       IEX;           0.586;           0.001;           0.000;          5;         20;         190.200;         207.000;         191.470;           2.973 ( 1.553 %);    996.162
    UNROLL;           0.586;           0.001;           0.000;          5;         20;         238.300;         253.600;         239.523;           2.648 ( 1.105 %);    796.312
     CBLAS;           0.586;           0.001;           0.000;          5;         20;         335.000;        1561.850;         374.067;         213.233 (57.004 %);    509.895
     title;             KiB;             MiB;             GiB;          n;          r;             min;             max;            mean;                 stddev (%);      MiB/s
       IJK;           0.586;           0.001;           0.000;          5;        200;         140.280;         262.765;         167.291;          41.756 (24.960 %);   1140.141
       IKJ;           0.586;           0.001;           0.000;          5;        200;         143.680;         274.280;         191.737;          53.711 (28.013 %);    994.774
       IEX;           0.586;           0.001;           0.000;          5;        200;         143.845;         263.255;         155.953;          28.618 (18.350 %);   1223.025
    UNROLL;           0.586;           0.001;           0.000;          5;        200;         180.355;         389.775;         238.103;          72.360 (30.390 %);    801.062
     CBLAS;           0.586;           0.001;           0.000;          5;        200;         333.500;         641.710;         421.208;         125.808 (29.868 %);    452.828
     title;             KiB;             MiB;             GiB;          n;          r;             min;             max;            mean;                 stddev (%);      MiB/s
       IJK;           0.586;           0.001;           0.000;          5;        600;         140.103;         255.200;         156.828;          32.746 (20.880 %);   1216.203
       IKJ;           0.586;           0.001;           0.000;          5;        600;         158.550;         195.438;         161.666;           6.505 ( 4.024 %);   1179.808
       IEX;           0.586;           0.001;           0.000;          5;        600;         112.202;         220.658;         145.406;          32.177 (22.129 %);   1311.742
    UNROLL;           0.586;           0.001;           0.000;          5;        600;         122.007;         313.105;         176.184;          47.470 (26.944 %);   1082.590
     CBLAS;           0.586;           0.001;           0.000;          5;        600;         172.403;         341.358;         199.104;          45.614 (22.910 %);    957.968
     title;             KiB;             MiB;             GiB;          n;          r;             min;             max;            mean;                 stddev (%);      MiB/s
       IJK;           2.344;           0.002;           0.000;         10;        300;         740.173;        1403.080;         874.666;         143.521 (16.409 %);    872.264
       IKJ;           2.344;           0.002;           0.000;         10;        300;         539.197;        1012.893;         697.842;         163.869 (23.482 %);   1093.284
       IEX;           2.344;           0.002;           0.000;         10;        300;         514.233;         937.787;         594.486;         116.655 (19.623 %);   1283.360
    UNROLL;           2.344;           0.002;           0.000;         10;        300;         706.083;         884.543;         732.509;          45.897 ( 6.266 %);   1041.543
     CBLAS;           2.344;           0.002;           0.000;         10;        300;         480.803;        7972.070;         796.888;        1296.333 (162.675 %);    957.399
     title;             KiB;             MiB;             GiB;          n;          r;             min;             max;            mean;                 stddev (%);      MiB/s
       IJK;           2.344;           0.002;           0.000;         10;        600;         624.598;        1106.558;         854.760;         158.913 (18.592 %);    892.578
       IKJ;           2.344;           0.002;           0.000;         10;        600;         522.260;        1043.872;         665.989;         159.721 (23.983 %);   1145.573
       IEX;           2.344;           0.002;           0.000;         10;        600;         492.443;         864.165;         541.403;          80.000 (14.776 %);   1409.189
    UNROLL;           2.344;           0.002;           0.000;         10;        600;         706.003;         979.060;         755.842;          77.451 (10.247 %);   1009.390
     CBLAS;           2.344;           0.002;           0.000;         10;        600;         480.787;         861.203;         511.713;          73.071 (14.280 %);   1490.953
     title;             KiB;             MiB;             GiB;          n;          r;             min;             max;            mean;                 stddev (%);      MiB/s
       IJK;           2.344;           0.002;           0.000;         10;       1000;         578.168;        1071.351;         704.398;         134.335 (19.071 %);   1083.109
       IKJ;           2.344;           0.002;           0.000;         10;       1000;         522.228;         846.602;         600.130;          92.727 (15.451 %);   1271.291
       IEX;           2.344;           0.002;           0.000;         10;       1000;         494.731;         844.116;         559.912;          87.902 (15.699 %);   1362.605
    UNROLL;           2.344;           0.002;           0.000;         10;       1000;         705.684;         859.174;         729.631;          35.924 ( 4.924 %);   1045.651
     CBLAS;           2.344;           0.002;           0.000;         10;       1000;         480.783;         674.596;         550.479;          88.288 (16.038 %);   1385.955
     title;             KiB;             MiB;             GiB;          n;          r;             min;             max;            mean;                 stddev (%);      MiB/s
       IJK;           0.586;           0.001;           0.000;          5;       1000;          98.040;         300.588;         177.632;          63.584 (35.795 %);   1073.761
       IKJ;           0.586;           0.001;           0.000;          5;       1000;         100.379;         155.046;         103.720;          10.468 (10.093 %);   1838.945
       IEX;           0.586;           0.001;           0.000;          5;       1000;         140.334;         296.041;         176.929;          25.997 (14.693 %);   1078.030
    UNROLL;           0.586;           0.001;           0.000;          5;       1000;         121.977;         305.511;         145.747;          40.364 (27.695 %);   1308.670
     CBLAS;           0.586;           0.001;           0.000;          5;       1000;         166.456;         219.123;         174.837;          12.099 ( 6.920 %);   1090.930
     title;             KiB;             MiB;             GiB;          n;          r;             min;             max;            mean;                 stddev (%);      MiB/s
       IJK;           0.586;           0.001;           0.000;          5;       1500;         133.890;         268.555;         231.312;          29.762 (12.866 %);    824.577
       IKJ;           0.586;           0.001;           0.000;          5;       1500;          97.221;         201.128;         147.811;          33.231 (22.482 %);   1290.395
       IEX;           0.586;           0.001;           0.000;          5;       1500;          97.255;         122.425;         100.379;           6.343 ( 6.319 %);   1900.155
    UNROLL;           0.586;           0.001;           0.000;          5;       1500;         121.962;         243.341;         152.651;          39.564 (25.918 %);   1249.483
     CBLAS;           0.586;           0.001;           0.000;          5;       1500;         166.623;         202.360;         173.683;           8.403 ( 4.838 %);   1098.180
