     title;             KiB;             MiB;             GiB;          n;          r;             min;             max;            mean;                 stddev (%);      MiB/s
       IJK;           0.094;           0.000;           0.000;          2;          2;          13.500;         156.500;          25.394;          24.726 (97.369 %);   1201.766
       IKJ;           0.094;           0.000;           0.000;          2;          2;          24.000;         111.000;          37.470;          15.361 (40.996 %);    814.460
       IEX;           0.094;           0.000;           0.000;          2;          2;          21.000;         147.000;          26.485;          21.911 (82.728 %);   1152.266
    UNROLL;           0.094;           0.000;           0.000;          2;          2;          24.000;          79.500;          27.848;           9.688 (34.787 %);   1095.843
     CBLAS;           0.094;           0.000;           0.000;          2;          2;          79.500;        5985.500;         262.288;        1027.440 (391.722 %);    116.351
     title;             KiB;             MiB;             GiB;          n;          r;             min;             max;            mean;                 stddev (%);      MiB/s
       IJK;           0.586;           0.001;           0.000;          5;         20;         144.750;         164.900;         146.086;           3.418 ( 2.340 %);   1305.631
       IKJ;           0.586;           0.001;           0.000;          5;         20;          96.500;         114.050;          97.318;           3.090 ( 3.175 %);   1959.910
       IEX;           0.586;           0.001;           0.000;          5;         20;          88.950;         495.450;         103.311;          70.592 (68.330 %);   1846.227
    UNROLL;           0.586;           0.001;           0.000;          5;         20;         113.250;         127.650;         115.280;           2.709 ( 2.350 %);   1654.531
     CBLAS;           0.586;           0.001;           0.000;          5;         20;         243.900;      159118.200;        5060.500;       27656.066 (546.509 %);     37.691
     title;             KiB;             MiB;             GiB;          n;          r;             min;             max;            mean;                 stddev (%);      MiB/s
       IJK;           0.586;           0.001;           0.000;          5;        200;         132.760;         284.045;         161.510;          42.312 (26.198 %);   1180.947
       IKJ;           0.586;           0.001;           0.000;          5;        200;          87.550;          89.395;          88.034;           0.506 ( 0.574 %);   2166.613
       IEX;           0.586;           0.001;           0.000;          5;        200;          87.600;          90.950;          88.110;           0.672 ( 0.762 %);   2164.728
    UNROLL;           0.586;           0.001;           0.000;          5;        200;         112.810;         179.620;         118.548;          15.687 (13.232 %);   1608.927
     CBLAS;           0.586;           0.001;           0.000;          5;        200;         205.815;         414.270;         247.081;          67.026 (27.127 %);    771.954
     title;             KiB;             MiB;             GiB;          n;          r;             min;             max;            mean;                 stddev (%);      MiB/s
       IJK;           0.586;           0.001;           0.000;          5;        600;         129.898;         172.420;         131.864;           7.380 ( 5.597 %);   1446.453
       IKJ;           0.586;           0.001;           0.000;          5;        600;          84.165;         144.430;          95.708;          20.092 (20.993 %);   1992.891
       IEX;           0.586;           0.001;           0.000;          5;        600;          75.747;         168.710;          85.641;          20.375 (23.791 %);   2227.148
    UNROLL;           0.586;           0.001;           0.000;          5;        600;          97.912;         142.970;         102.787;          11.006 (10.707 %);   1855.626
     CBLAS;           0.586;           0.001;           0.000;          5;        600;         177.238;         379.095;         258.056;          79.171 (30.680 %);    739.123
     title;             KiB;             MiB;             GiB;          n;          r;             min;             max;            mean;                 stddev (%);      MiB/s
       IJK;           2.344;           0.002;           0.000;         10;        300;         871.553;        1490.073;         973.438;         170.487 (17.514 %);    783.758
       IKJ;           2.344;           0.002;           0.000;         10;        300;         566.680;         876.923;         656.377;          62.541 ( 9.528 %);   1162.350
       IEX;           2.344;           0.002;           0.000;         10;        300;         378.257;         683.743;         513.795;         107.001 (20.826 %);   1484.911
    UNROLL;           2.344;           0.002;           0.000;         10;        300;         480.550;         892.753;         601.587;         116.932 (19.437 %);   1268.211
     CBLAS;           2.344;           0.002;           0.000;         10;        300;         477.127;         737.053;         511.896;          59.571 (11.637 %);   1490.420
     title;             KiB;             MiB;             GiB;          n;          r;             min;             max;            mean;                 stddev (%);      MiB/s
       IJK;           2.344;           0.002;           0.000;         10;        600;         733.230;        1480.135;         958.551;         172.126 (17.957 %);    795.930
       IKJ;           2.344;           0.002;           0.000;         10;        600;         364.765;         467.793;         385.699;          21.939 ( 5.688 %);   1978.071
       IEX;           2.344;           0.002;           0.000;         10;        600;         365.702;         696.147;         449.722;         106.529 (23.688 %);   1696.471
    UNROLL;           2.344;           0.002;           0.000;         10;        600;         472.523;         590.362;         484.982;          27.427 ( 5.655 %);   1573.130
     CBLAS;           2.344;           0.002;           0.000;         10;        600;         476.180;         968.367;         585.526;         112.630 (19.236 %);   1302.998
     title;             KiB;             MiB;             GiB;          n;          r;             min;             max;            mean;                 stddev (%);      MiB/s
       IJK;           2.344;           0.002;           0.000;         10;       1000;         715.411;        1370.280;         929.694;         210.851 (22.680 %);    820.635
       IKJ;           2.344;           0.002;           0.000;         10;       1000;         366.572;         618.185;         492.737;          59.038 (11.982 %);   1548.371
       IEX;           2.344;           0.002;           0.000;         10;       1000;         364.729;         613.926;         403.764;          65.601 (16.247 %);   1889.569
    UNROLL;           2.344;           0.002;           0.000;         10;       1000;         472.496;         537.693;         483.426;          19.985 ( 4.134 %);   1578.192
     CBLAS;           2.344;           0.002;           0.000;         10;       1000;         475.551;         555.713;         483.628;          17.238 ( 3.564 %);   1577.535
